====================event 0====================
pem:	[45.0, 0.0, 0.0, 45.0]
pep:	[45.0, 0.0, 0.0, -45.0]
pmm:	[45.0, -24.902519735040805, 20.093577655919127, -31.6403642177433]
pmp:	[45.0, 24.902519735040805, -20.093577655919127, 31.6403642177433]

====================event 1====================
pem:	[45.0, 0.0, 0.0, 45.0]
pep:	[45.0, 0.0, 0.0, -45.0]
pmm:	[45.0, -26.359203987439322, -34.54657221396278, -11.693019858617275]
pmp:	[45.0, 26.359203987439322, 34.54657221396278, 11.693019858617275]

====================event 2====================
pem:	[45.0, 0.0, 0.0, 45.0]
pep:	[45.0, 0.0, 0.0, -45.0]
pmm:	[45.0, 39.19736015640727, 16.52708097915873, 14.677280098070817]
pmp:	[45.0, -39.19736015640727, -16.52708097915873, -14.677280098070817]

====================event 3====================
pem:	[45.0, 0.0, 0.0, 45.0]
pep:	[45.0, 0.0, 0.0, -45.0]
pmm:	[45.0, 1.5431166206223064, 0.6429604517587658, -44.968938090115415]
pmp:	[45.0, -1.5431166206223064, -0.6429604517587658, 44.968938090115415]

====================event 4====================
pem:	[45.0, 0.0, 0.0, 45.0]
pep:	[45.0, 0.0, 0.0, -45.0]
pmm:	[45.0, -43.339300174284695, 7.791633547688127, 9.273376249338094]
pmp:	[45.0, 43.339300174284695, -7.791633547688127, -9.273376249338094]

====================event 5====================
pem:	[45.0, 0.0, 0.0, 45.0]
pep:	[45.0, 0.0, 0.0, -45.0]
pmm:	[45.0, -35.1764764007243, -6.190364764406627, 27.37325139826979]
pmp:	[45.0, 35.1764764007243, 6.190364764406627, -27.37325139826979]

====================event 6====================
pem:	[45.0, 0.0, 0.0, 45.0]
pep:	[45.0, 0.0, 0.0, -45.0]
pmm:	[45.0, 4.251162023873839, 36.93989948250543, -25.345047793783475]
pmp:	[45.0, -4.251162023873839, -36.93989948250543, 25.345047793783475]

====================event 7====================
pem:	[45.0, 0.0, 0.0, 45.0]
pep:	[45.0, 0.0, 0.0, -45.0]
pmm:	[45.0, 43.48371831104873, -11.307622546118628, -2.5107596858072077]
pmp:	[45.0, -43.48371831104873, 11.307622546118628, 2.5107596858072077]

====================event 8====================
pem:	[45.0, 0.0, 0.0, 45.0]
pep:	[45.0, 0.0, 0.0, -45.0]
pmm:	[45.0, 22.118942216148564, -21.16696705153195, -32.98047757504493]
pmp:	[45.0, -22.118942216148564, 21.16696705153195, 32.98047757504493]

====================event 9====================
pem:	[45.0, 0.0, 0.0, 45.0]
pep:	[45.0, 0.0, 0.0, -45.0]
pmm:	[45.0, 36.17869882120053, -15.253107242796574, -21.987370716950455]
pmp:	[45.0, -36.17869882120053, 15.253107242796574, 21.987370716950455]

====================event 10====================
pem:	[45.0, 0.0, 0.0, 45.0]
pep:	[45.0, 0.0, 0.0, -45.0]
pmm:	[45.0, -39.69095830874343, -9.30349341301262, -19.05447031138944]
pmp:	[45.0, 39.69095830874343, 9.30349341301262, 19.05447031138944]

====================event 11====================
pem:	[45.0, 0.0, 0.0, 45.0]
pep:	[45.0, 0.0, 0.0, -45.0]
pmm:	[45.0, -29.40335837707831, 0.4373346743465732, -34.06246107567263]
pmp:	[45.0, 29.40335837707831, -0.4373346743465732, 34.06246107567263]

====================event 12====================
pem:	[45.0, 0.0, 0.0, 45.0]
pep:	[45.0, 0.0, 0.0, -45.0]
pmm:	[45.0, -17.694843393434798, 41.37468746995826, -0.16659545340699022]
pmp:	[45.0, 17.694843393434798, -41.37468746995826, 0.16659545340699022]

====================event 13====================
pem:	[45.0, 0.0, 0.0, 45.0]
pep:	[45.0, 0.0, 0.0, -45.0]
pmm:	[45.0, 44.30145093381936, 5.075790606530166, 6.051263907404443]
pmp:	[45.0, -44.30145093381936, -5.075790606530166, -6.051263907404443]

====================event 14====================
pem:	[45.0, 0.0, 0.0, 45.0]
pep:	[45.0, 0.0, 0.0, -45.0]
pmm:	[45.0, 17.989449092238026, 41.04113011304288, -4.12375561861527]
pmp:	[45.0, -17.989449092238026, -41.04113011304288, 4.12375561861527]

====================event 15====================
pem:	[45.0, 0.0, 0.0, 45.0]
pep:	[45.0, 0.0, 0.0, -45.0]
pmm:	[45.0, -23.506880095746435, 24.070865990873966, 29.88344020713792]
pmp:	[45.0, 23.506880095746435, -24.070865990873966, -29.88344020713792]

====================event 16====================
pem:	[45.0, 0.0, 0.0, 45.0]
pep:	[45.0, 0.0, 0.0, -45.0]
pmm:	[45.0, -15.98955343616807, 41.184001864031444, 8.556411127066108]
pmp:	[45.0, 15.98955343616807, -41.184001864031444, -8.556411127066108]

====================event 17====================
pem:	[45.0, 0.0, 0.0, 45.0]
pep:	[45.0, 0.0, 0.0, -45.0]
pmm:	[45.0, 7.509355275411256, 12.05008579571872, -42.70134676638983]
pmp:	[45.0, -7.509355275411256, -12.05008579571872, 42.70134676638983]

====================event 18====================
pem:	[45.0, 0.0, 0.0, 45.0]
pep:	[45.0, 0.0, 0.0, -45.0]
pmm:	[45.0, -0.4116587937782629, 43.36951695549097, -11.996480153982066]
pmp:	[45.0, 0.4116587937782629, -43.36951695549097, 11.996480153982066]

====================event 19====================
pem:	[45.0, 0.0, 0.0, 45.0]
pep:	[45.0, 0.0, 0.0, -45.0]
pmm:	[45.0, 37.85164884875103, -22.936650926180448, 8.134047191981962]
pmp:	[45.0, -37.85164884875103, 22.936650926180448, -8.134047191981962]

====================event 20====================
pem:	[45.0, 0.0, 0.0, 45.0]
pep:	[45.0, 0.0, 0.0, -45.0]
pmm:	[45.0, 24.936711971215317, 6.942150169584757, 36.809875673351314]
pmp:	[45.0, -24.936711971215317, -6.942150169584757, -36.809875673351314]

====================event 21====================
pem:	[45.0, 0.0, 0.0, 45.0]
pep:	[45.0, 0.0, 0.0, -45.0]
pmm:	[45.0, 36.549747854040554, -3.139023294429512, -26.06266418774349]
pmp:	[45.0, -36.549747854040554, 3.139023294429512, 26.06266418774349]

====================event 22====================
pem:	[45.0, 0.0, 0.0, 45.0]
pep:	[45.0, 0.0, 0.0, -45.0]
pmm:	[45.0, -20.123583469821114, -24.81767624756904, 31.687920947957277]
pmp:	[45.0, 20.123583469821114, 24.81767624756904, -31.687920947957277]

====================event 23====================
pem:	[45.0, 0.0, 0.0, 45.0]
pep:	[45.0, 0.0, 0.0, -45.0]
pmm:	[45.0, -4.7272908014357915, 6.866857718714234, 44.22102426165178]
pmp:	[45.0, 4.7272908014357915, -6.866857718714234, -44.22102426165178]

====================event 24====================
pem:	[45.0, 0.0, 0.0, 45.0]
pep:	[45.0, 0.0, 0.0, -45.0]
pmm:	[45.0, -6.050473260560028, -9.292868805099538, 43.61231893277925]
pmp:	[45.0, 6.050473260560028, 9.292868805099538, -43.61231893277925]

====================event 25====================
pem:	[45.0, 0.0, 0.0, 45.0]
pep:	[45.0, 0.0, 0.0, -45.0]
pmm:	[45.0, 23.77987934408933, -36.9409711640822, -9.740738567223788]
pmp:	[45.0, -23.77987934408933, 36.9409711640822, 9.740738567223788]

====================event 26====================
pem:	[45.0, 0.0, 0.0, 45.0]
pep:	[45.0, 0.0, 0.0, -45.0]
pmm:	[45.0, 25.676508084385468, -36.943449758775635, -0.9478673500589241]
pmp:	[45.0, -25.676508084385468, 36.943449758775635, 0.9478673500589241]

====================event 27====================
pem:	[45.0, 0.0, 0.0, 45.0]
pep:	[45.0, 0.0, 0.0, -45.0]
pmm:	[45.0, -34.22970220453375, 13.360312738296836, -25.977481219776493]
pmp:	[45.0, 34.22970220453375, -13.360312738296836, 25.977481219776493]

====================event 28====================
pem:	[45.0, 0.0, 0.0, 45.0]
pep:	[45.0, 0.0, 0.0, -45.0]
pmm:	[45.0, 21.65086373220164, -3.778332753856213, 39.26785328039684]
pmp:	[45.0, -21.65086373220164, 3.778332753856213, -39.26785328039684]

====================event 29====================
pem:	[45.0, 0.0, 0.0, 45.0]
pep:	[45.0, 0.0, 0.0, -45.0]
pmm:	[45.0, -20.129433397298833, 17.796169868538765, 36.09850757460512]
pmp:	[45.0, 20.129433397298833, -17.796169868538765, -36.09850757460512]

====================event 30====================
pem:	[45.0, 0.0, 0.0, 45.0]
pep:	[45.0, 0.0, 0.0, -45.0]
pmm:	[45.0, 39.590641474496934, 14.740251588055738, -15.501809273715871]
pmp:	[45.0, -39.590641474496934, -14.740251588055738, 15.501809273715871]

====================event 31====================
pem:	[45.0, 0.0, 0.0, 45.0]
pep:	[45.0, 0.0, 0.0, -45.0]
pmm:	[45.0, 9.84464461480109, 18.7486812829181, -39.70604390467306]
pmp:	[45.0, -9.84464461480109, -18.7486812829181, 39.70604390467306]

====================event 32====================
pem:	[45.0, 0.0, 0.0, 45.0]
pep:	[45.0, 0.0, 0.0, -45.0]
pmm:	[45.0, -4.214494793076217, -37.664425403535866, 24.261679510302162]
pmp:	[45.0, 4.214494793076217, 37.664425403535866, -24.261679510302162]

====================event 33====================
pem:	[45.0, 0.0, 0.0, 45.0]
pep:	[45.0, 0.0, 0.0, -45.0]
pmm:	[45.0, -15.12133394082257, 41.66686897718981, 7.759979992746434]
pmp:	[45.0, 15.12133394082257, -41.66686897718981, -7.759979992746434]

====================event 34====================
pem:	[45.0, 0.0, 0.0, 45.0]
pep:	[45.0, 0.0, 0.0, -45.0]
pmm:	[45.0, 1.707826991450307, -40.871552629983746, -18.750986976203208]
pmp:	[45.0, -1.707826991450307, 40.871552629983746, 18.750986976203208]

====================event 35====================
pem:	[45.0, 0.0, 0.0, 45.0]
pep:	[45.0, 0.0, 0.0, -45.0]
pmm:	[45.0, -4.369224309872132, 41.56405628627578, -16.68349795340658]
pmp:	[45.0, 4.369224309872132, -41.56405628627578, 16.68349795340658]

====================event 36====================
pem:	[45.0, 0.0, 0.0, 45.0]
pep:	[45.0, 0.0, 0.0, -45.0]
pmm:	[45.0, 28.694714785769403, -4.212571372532291, -34.40737690953305]
pmp:	[45.0, -28.694714785769403, 4.212571372532291, 34.40737690953305]

====================event 37====================
pem:	[45.0, 0.0, 0.0, 45.0]
pep:	[45.0, 0.0, 0.0, -45.0]
pmm:	[45.0, 37.14903443657826, 23.740976434349946, -9.017498454314424]
pmp:	[45.0, -37.14903443657826, -23.740976434349946, 9.017498454314424]

====================event 38====================
pem:	[45.0, 0.0, 0.0, 45.0]
pep:	[45.0, 0.0, 0.0, -45.0]
pmm:	[45.0, -27.20907810657534, -30.35188457593712, -19.063818381407028]
pmp:	[45.0, 27.20907810657534, 30.35188457593712, 19.063818381407028]

====================event 39====================
pem:	[45.0, 0.0, 0.0, 45.0]
pep:	[45.0, 0.0, 0.0, -45.0]
pmm:	[45.0, -18.956593988893783, 38.90073494777597, 12.344244199752271]
pmp:	[45.0, 18.956593988893783, -38.90073494777597, -12.344244199752271]

====================event 40====================
pem:	[45.0, 0.0, 0.0, 45.0]
pep:	[45.0, 0.0, 0.0, -45.0]
pmm:	[45.0, 8.342153071300046, 23.89974100556015, -37.20498437040588]
pmp:	[45.0, -8.342153071300046, -23.89974100556015, 37.20498437040588]

====================event 41====================
pem:	[45.0, 0.0, 0.0, 45.0]
pep:	[45.0, 0.0, 0.0, -45.0]
pmm:	[45.0, -15.03791838010659, 42.20365515577924, 4.208622373808419]
pmp:	[45.0, 15.03791838010659, -42.20365515577924, -4.208622373808419]

====================event 42====================
pem:	[45.0, 0.0, 0.0, 45.0]
pep:	[45.0, 0.0, 0.0, -45.0]
pmm:	[45.0, -38.30087280080256, -19.928835469034013, -12.6840316754932]
pmp:	[45.0, 38.30087280080256, 19.928835469034013, 12.6840316754932]

====================event 43====================
pem:	[45.0, 0.0, 0.0, 45.0]
pep:	[45.0, 0.0, 0.0, -45.0]
pmm:	[45.0, -40.39560576736362, -19.805486827822765, 0.9683626390345579]
pmp:	[45.0, 40.39560576736362, 19.805486827822765, -0.9683626390345579]

====================event 44====================
pem:	[45.0, 0.0, 0.0, 45.0]
pep:	[45.0, 0.0, 0.0, -45.0]
pmm:	[45.0, -31.950700871954155, 13.546803006703396, 28.64675971359553]
pmp:	[45.0, 31.950700871954155, -13.546803006703396, -28.64675971359553]

====================event 45====================
pem:	[45.0, 0.0, 0.0, 45.0]
pep:	[45.0, 0.0, 0.0, -45.0]
pmm:	[45.0, 32.066014561120106, -31.567263290499046, 0.5278243214785716]
pmp:	[45.0, -32.066014561120106, 31.567263290499046, -0.5278243214785716]

====================event 46====================
pem:	[45.0, 0.0, 0.0, 45.0]
pep:	[45.0, 0.0, 0.0, -45.0]
pmm:	[45.0, -20.21990761746333, 16.187207123775774, -36.79850080469626]
pmp:	[45.0, 20.21990761746333, -16.187207123775774, 36.79850080469626]

====================event 47====================
pem:	[45.0, 0.0, 0.0, 45.0]
pep:	[45.0, 0.0, 0.0, -45.0]
pmm:	[45.0, -24.790661793857453, 14.755959826597955, -34.53526802297043]
pmp:	[45.0, 24.790661793857453, -14.755959826597955, 34.53526802297043]

====================event 48====================
pem:	[45.0, 0.0, 0.0, 45.0]
pep:	[45.0, 0.0, 0.0, -45.0]
pmm:	[45.0, 11.531209732674727, -10.632826617443955, -42.17788757423068]
pmp:	[45.0, -11.531209732674727, 10.632826617443955, 42.17788757423068]

====================event 49====================
pem:	[45.0, 0.0, 0.0, 45.0]
pep:	[45.0, 0.0, 0.0, -45.0]
pmm:	[45.0, -21.7385994236474, 20.314061931211192, 33.760512184401364]
pmp:	[45.0, 21.7385994236474, -20.314061931211192, -33.760512184401364]

====================event 50====================
pem:	[45.0, 0.0, 0.0, 45.0]
pep:	[45.0, 0.0, 0.0, -45.0]
pmm:	[45.0, 0.5633232251870387, 13.671494441993561, -42.869253628521506]
pmp:	[45.0, -0.5633232251870387, -13.671494441993561, 42.869253628521506]

====================event 51====================
pem:	[45.0, 0.0, 0.0, 45.0]
pep:	[45.0, 0.0, 0.0, -45.0]
pmm:	[45.0, 3.898068682197946, 32.24147908711052, 31.149511823209732]
pmp:	[45.0, -3.898068682197946, -32.24147908711052, -31.149511823209732]

====================event 52====================
pem:	[45.0, 0.0, 0.0, 45.0]
pep:	[45.0, 0.0, 0.0, -45.0]
pmm:	[45.0, -15.870454003334304, -13.416858834957143, -39.91386461783527]
pmp:	[45.0, 15.870454003334304, 13.416858834957143, 39.91386461783527]

====================event 53====================
pem:	[45.0, 0.0, 0.0, 45.0]
pep:	[45.0, 0.0, 0.0, -45.0]
pmm:	[45.0, -0.6998967367580614, 25.76592070739536, 36.886684245918474]
pmp:	[45.0, 0.6998967367580614, -25.76592070739536, -36.886684245918474]

====================event 54====================
pem:	[45.0, 0.0, 0.0, 45.0]
pep:	[45.0, 0.0, 0.0, -45.0]
pmm:	[45.0, 9.951002378786306, -38.82274418347742, -20.463921562634557]
pmp:	[45.0, -9.951002378786306, 38.82274418347742, 20.463921562634557]

====================event 55====================
pem:	[45.0, 0.0, 0.0, 45.0]
pep:	[45.0, 0.0, 0.0, -45.0]
pmm:	[45.0, 17.958021295064736, 6.077687032968302, -40.811410065020915]
pmp:	[45.0, -17.958021295064736, -6.077687032968302, 40.811410065020915]

====================event 56====================
pem:	[45.0, 0.0, 0.0, 45.0]
pep:	[45.0, 0.0, 0.0, -45.0]
pmm:	[45.0, -32.13246492196598, 31.466506420855218, -1.5374237232796406]
pmp:	[45.0, 32.13246492196598, -31.466506420855218, 1.5374237232796406]

====================event 57====================
pem:	[45.0, 0.0, 0.0, 45.0]
pep:	[45.0, 0.0, 0.0, -45.0]
pmm:	[45.0, -26.462626880265763, -34.5346941772276, -11.49279237962637]
pmp:	[45.0, 26.462626880265763, 34.5346941772276, 11.49279237962637]

====================event 58====================
pem:	[45.0, 0.0, 0.0, 45.0]
pep:	[45.0, 0.0, 0.0, -45.0]
pmm:	[45.0, -30.702179875861518, 15.761932132047022, -28.87797857078968]
pmp:	[45.0, 30.702179875861518, -15.761932132047022, 28.87797857078968]

====================event 59====================
pem:	[45.0, 0.0, 0.0, 45.0]
pep:	[45.0, 0.0, 0.0, -45.0]
pmm:	[45.0, -13.09893339956841, -12.314091834674848, -41.25264944316747]
pmp:	[45.0, 13.09893339956841, 12.314091834674848, 41.25264944316747]

====================event 60====================
pem:	[45.0, 0.0, 0.0, 45.0]
pep:	[45.0, 0.0, 0.0, -45.0]
pmm:	[45.0, 29.99409564751541, -2.331679881394794, -33.46516838771913]
pmp:	[45.0, -29.99409564751541, 2.331679881394794, 33.46516838771913]

====================event 61====================
pem:	[45.0, 0.0, 0.0, 45.0]
pep:	[45.0, 0.0, 0.0, -45.0]
pmm:	[45.0, 19.24154168874141, 34.13194457234476, -22.130825405999015]
pmp:	[45.0, -19.24154168874141, -34.13194457234476, 22.130825405999015]

====================event 62====================
pem:	[45.0, 0.0, 0.0, 45.0]
pep:	[45.0, 0.0, 0.0, -45.0]
pmm:	[45.0, 8.310922303417236, -16.84865992449727, 40.890723021428734]
pmp:	[45.0, -8.310922303417236, 16.84865992449727, -40.890723021428734]

====================event 63====================
pem:	[45.0, 0.0, 0.0, 45.0]
pep:	[45.0, 0.0, 0.0, -45.0]
pmm:	[45.0, -37.208663469896365, 20.20247252048111, -15.243866531927052]
pmp:	[45.0, 37.208663469896365, -20.20247252048111, 15.243866531927052]

====================event 64====================
pem:	[45.0, 0.0, 0.0, 45.0]
pep:	[45.0, 0.0, 0.0, -45.0]
pmm:	[45.0, 25.44077407344578, 10.49971092891822, -35.6022904453217]
pmp:	[45.0, -25.44077407344578, -10.49971092891822, 35.6022904453217]

====================event 65====================
pem:	[45.0, 0.0, 0.0, 45.0]
pep:	[45.0, 0.0, 0.0, -45.0]
pmm:	[45.0, 21.492523553302814, 7.373705864326931, 38.841986215139855]
pmp:	[45.0, -21.492523553302814, -7.373705864326931, -38.841986215139855]

====================event 66====================
pem:	[45.0, 0.0, 0.0, 45.0]
pep:	[45.0, 0.0, 0.0, -45.0]
pmm:	[45.0, 41.59167498372615, 16.601474105115027, -4.418555146796679]
pmp:	[45.0, -41.59167498372615, -16.601474105115027, 4.418555146796679]

====================event 67====================
pem:	[45.0, 0.0, 0.0, 45.0]
pep:	[45.0, 0.0, 0.0, -45.0]
pmm:	[45.0, -28.046607096148826, -23.812301897740944, -25.91065627739092]
pmp:	[45.0, 28.046607096148826, 23.812301897740944, 25.91065627739092]

====================event 68====================
pem:	[45.0, 0.0, 0.0, 45.0]
pep:	[45.0, 0.0, 0.0, -45.0]
pmm:	[45.0, -29.35368257322856, -30.58041626093933, -15.106272230362304]
pmp:	[45.0, 29.35368257322856, 30.58041626093933, 15.106272230362304]

====================event 69====================
pem:	[45.0, 0.0, 0.0, 45.0]
pep:	[45.0, 0.0, 0.0, -45.0]
pmm:	[45.0, -24.189282293462753, -30.990485939027824, 21.896766962044605]
pmp:	[45.0, 24.189282293462753, 30.990485939027824, -21.896766962044605]

====================event 70====================
pem:	[45.0, 0.0, 0.0, 45.0]
pep:	[45.0, 0.0, 0.0, -45.0]
pmm:	[45.0, 34.771031400418934, 25.33144900224392, -13.202009952950192]
pmp:	[45.0, -34.771031400418934, -25.33144900224392, 13.202009952950192]

====================event 71====================
pem:	[45.0, 0.0, 0.0, 45.0]
pep:	[45.0, 0.0, 0.0, -45.0]
pmm:	[45.0, 13.187738746125483, 13.635982067737118, 40.80617036444724]
pmp:	[45.0, -13.187738746125483, -13.635982067737118, -40.80617036444724]

====================event 72====================
pem:	[45.0, 0.0, 0.0, 45.0]
pep:	[45.0, 0.0, 0.0, -45.0]
pmm:	[45.0, 32.81457956544479, -25.945057179855812, -16.584853809337783]
pmp:	[45.0, -32.81457956544479, 25.945057179855812, 16.584853809337783]

====================event 73====================
pem:	[45.0, 0.0, 0.0, 45.0]
pep:	[45.0, 0.0, 0.0, -45.0]
pmm:	[45.0, 43.446453521044354, 10.176655372501322, -5.817332883123725]
pmp:	[45.0, -43.446453521044354, -10.176655372501322, 5.817332883123725]

====================event 74====================
pem:	[45.0, 0.0, 0.0, 45.0]
pep:	[45.0, 0.0, 0.0, -45.0]
pmm:	[45.0, -4.019353630165013, 4.300223653780392, -44.61337101052942]
pmp:	[45.0, 4.019353630165013, -4.300223653780392, 44.61337101052942]

====================event 75====================
pem:	[45.0, 0.0, 0.0, 45.0]
pep:	[45.0, 0.0, 0.0, -45.0]
pmm:	[45.0, 21.381260648268007, -7.173108589065573, 38.940829552801]
pmp:	[45.0, -21.381260648268007, 7.173108589065573, -38.940829552801]

====================event 76====================
pem:	[45.0, 0.0, 0.0, 45.0]
pep:	[45.0, 0.0, 0.0, -45.0]
pmm:	[45.0, -20.478667412101142, 0.5047359004714493, 40.067061568017714]
pmp:	[45.0, 20.478667412101142, -0.5047359004714493, -40.067061568017714]

====================event 77====================
pem:	[45.0, 0.0, 0.0, 45.0]
pep:	[45.0, 0.0, 0.0, -45.0]
pmm:	[45.0, -16.498748780943767, -35.475309389604746, -22.232717161317193]
pmp:	[45.0, 16.498748780943767, 35.475309389604746, 22.232717161317193]

====================event 78====================
pem:	[45.0, 0.0, 0.0, 45.0]
pep:	[45.0, 0.0, 0.0, -45.0]
pmm:	[45.0, 13.470704936607797, 40.09048393371346, 15.371831591307314]
pmp:	[45.0, -13.470704936607797, -40.09048393371346, -15.371831591307314]

====================event 79====================
pem:	[45.0, 0.0, 0.0, 45.0]
pep:	[45.0, 0.0, 0.0, -45.0]
pmm:	[45.0, -17.660634627634465, -31.345433089786486, 27.028980908700884]
pmp:	[45.0, 17.660634627634465, 31.345433089786486, -27.028980908700884]

====================event 80====================
pem:	[45.0, 0.0, 0.0, 45.0]
pep:	[45.0, 0.0, 0.0, -45.0]
pmm:	[45.0, -33.81462956482944, 11.830809776625934, -27.232384534275635]
pmp:	[45.0, 33.81462956482944, -11.830809776625934, 27.232384534275635]

====================event 81====================
pem:	[45.0, 0.0, 0.0, 45.0]
pep:	[45.0, 0.0, 0.0, -45.0]
pmm:	[45.0, 43.98606327180837, -9.290134987351935, -1.979805486720898]
pmp:	[45.0, -43.98606327180837, 9.290134987351935, 1.979805486720898]

====================event 82====================
pem:	[45.0, 0.0, 0.0, 45.0]
pep:	[45.0, 0.0, 0.0, -45.0]
pmm:	[45.0, 25.9969336708944, -25.50153501045364, 26.43541472762862]
pmp:	[45.0, -25.9969336708944, 25.50153501045364, -26.43541472762862]

====================event 83====================
pem:	[45.0, 0.0, 0.0, 45.0]
pep:	[45.0, 0.0, 0.0, -45.0]
pmm:	[45.0, -22.637358135442145, 11.03707203812652, 37.29253353518553]
pmp:	[45.0, 22.637358135442145, -11.03707203812652, -37.29253353518553]

====================event 84====================
pem:	[45.0, 0.0, 0.0, 45.0]
pep:	[45.0, 0.0, 0.0, -45.0]
pmm:	[45.0, -33.761099033413586, 20.895672989021595, 21.179212506415652]
pmp:	[45.0, 33.761099033413586, -20.895672989021595, -21.179212506415652]

====================event 85====================
pem:	[45.0, 0.0, 0.0, 45.0]
pep:	[45.0, 0.0, 0.0, -45.0]
pmm:	[45.0, -0.313726591909465, -39.70583508230484, 21.17423519379956]
pmp:	[45.0, 0.313726591909465, 39.70583508230484, -21.17423519379956]

====================event 86====================
pem:	[45.0, 0.0, 0.0, 45.0]
pep:	[45.0, 0.0, 0.0, -45.0]
pmm:	[45.0, 30.584566433144776, -32.09845744158601, 7.698917194466079]
pmp:	[45.0, -30.584566433144776, 32.09845744158601, -7.698917194466079]

====================event 87====================
pem:	[45.0, 0.0, 0.0, 45.0]
pep:	[45.0, 0.0, 0.0, -45.0]
pmm:	[45.0, 12.08082400322118, 43.10693393835546, 4.565735191341406]
pmp:	[45.0, -12.08082400322118, -43.10693393835546, -4.565735191341406]

====================event 88====================
pem:	[45.0, 0.0, 0.0, 45.0]
pep:	[45.0, 0.0, 0.0, -45.0]
pmm:	[45.0, -44.69142973990119, 3.8366247799365962, 3.599502479711816]
pmp:	[45.0, 44.69142973990119, -3.8366247799365962, -3.599502479711816]

====================event 89====================
pem:	[45.0, 0.0, 0.0, 45.0]
pep:	[45.0, 0.0, 0.0, -45.0]
pmm:	[45.0, 10.014739261647343, 24.075333232080716, -36.67537767065922]
pmp:	[45.0, -10.014739261647343, -24.075333232080716, 36.67537767065922]

====================event 90====================
pem:	[45.0, 0.0, 0.0, 45.0]
pep:	[45.0, 0.0, 0.0, -45.0]
pmm:	[45.0, 7.167534898593326, 3.4399075634958978, -44.292137896381234]
pmp:	[45.0, -7.167534898593326, -3.4399075634958978, 44.292137896381234]

====================event 91====================
pem:	[45.0, 0.0, 0.0, 45.0]
pep:	[45.0, 0.0, 0.0, -45.0]
pmm:	[45.0, -4.586262068866588, 39.269925174887085, -21.490443852895297]
pmp:	[45.0, 4.586262068866588, -39.269925174887085, 21.490443852895297]

====================event 92====================
pem:	[45.0, 0.0, 0.0, 45.0]
pep:	[45.0, 0.0, 0.0, -45.0]
pmm:	[45.0, -44.36932599904726, -7.352020125687516, 1.520102122146385]
pmp:	[45.0, 44.36932599904726, 7.352020125687516, -1.520102122146385]

====================event 93====================
pem:	[45.0, 0.0, 0.0, 45.0]
pep:	[45.0, 0.0, 0.0, -45.0]
pmm:	[45.0, -2.5934897845605325, 29.675939275990736, 33.72851077093518]
pmp:	[45.0, 2.5934897845605325, -29.675939275990736, -33.72851077093518]

====================event 94====================
pem:	[45.0, 0.0, 0.0, 45.0]
pep:	[45.0, 0.0, 0.0, -45.0]
pmm:	[45.0, -29.267590862118023, 26.300530126674804, -21.833237052336898]
pmp:	[45.0, 29.267590862118023, -26.300530126674804, 21.833237052336898]

====================event 95====================
pem:	[45.0, 0.0, 0.0, 45.0]
pep:	[45.0, 0.0, 0.0, -45.0]
pmm:	[45.0, -4.076760494029201, -39.88445983060952, -20.435505569836486]
pmp:	[45.0, 4.076760494029201, 39.88445983060952, 20.435505569836486]

====================event 96====================
pem:	[45.0, 0.0, 0.0, 45.0]
pep:	[45.0, 0.0, 0.0, -45.0]
pmm:	[45.0, 10.003859967642018, 31.546396977226763, -30.49176320751274]
pmp:	[45.0, -10.003859967642018, -31.546396977226763, 30.49176320751274]

====================event 97====================
pem:	[45.0, 0.0, 0.0, 45.0]
pep:	[45.0, 0.0, 0.0, -45.0]
pmm:	[45.0, -32.389798984612675, -25.95420713729122, -17.386202967035818]
pmp:	[45.0, 32.389798984612675, 25.95420713729122, 17.386202967035818]

====================event 98====================
pem:	[45.0, 0.0, 0.0, 45.0]
pep:	[45.0, 0.0, 0.0, -45.0]
pmm:	[45.0, -26.83931051803408, -9.416115459382763, -34.87102207524348]
pmp:	[45.0, 26.83931051803408, 9.416115459382763, 34.87102207524348]

====================event 99====================
pem:	[45.0, 0.0, 0.0, 45.0]
pep:	[45.0, 0.0, 0.0, -45.0]
pmm:	[45.0, 6.887081783869588, -44.44091392966353, 1.6041426365911249]
pmp:	[45.0, -6.887081783869588, 44.44091392966353, -1.6041426365911249]

====================event 100====================
pem:	[45.0, 0.0, 0.0, 45.0]
pep:	[45.0, 0.0, 0.0, -45.0]
pmm:	[45.0, 12.36902406383413, 12.637031926299768, 41.38009990082156]
pmp:	[45.0, -12.36902406383413, -12.637031926299768, -41.38009990082156]

====================event 101====================
pem:	[45.0, 0.0, 0.0, 45.0]
pep:	[45.0, 0.0, 0.0, -45.0]
pmm:	[45.0, 3.0380107706769515, -5.499812160090801, -44.559202829056176]
pmp:	[45.0, -3.0380107706769515, 5.499812160090801, 44.559202829056176]

====================event 102====================
pem:	[45.0, 0.0, 0.0, 45.0]
pep:	[45.0, 0.0, 0.0, -45.0]
pmm:	[45.0, 8.419531178644245, 32.220244429474214, 30.264952397728525]
pmp:	[45.0, -8.419531178644245, -32.220244429474214, -30.264952397728525]

====================event 103====================
pem:	[45.0, 0.0, 0.0, 45.0]
pep:	[45.0, 0.0, 0.0, -45.0]
pmm:	[45.0, 36.13215781084736, -20.344688614946175, 17.48029796922527]
pmp:	[45.0, -36.13215781084736, 20.344688614946175, -17.48029796922527]

====================event 104====================
pem:	[45.0, 0.0, 0.0, 45.0]
pep:	[45.0, 0.0, 0.0, -45.0]
pmm:	[45.0, -0.13402091829474702, -4.832510864305929, 44.73956724354656]
pmp:	[45.0, 0.13402091829474702, 4.832510864305929, -44.73956724354656]

====================event 105====================
pem:	[45.0, 0.0, 0.0, 45.0]
pep:	[45.0, 0.0, 0.0, -45.0]
pmm:	[45.0, 32.6753120436724, 7.083602839074321, 30.118873711792343]
pmp:	[45.0, -32.6753120436724, -7.083602839074321, -30.118873711792343]

====================event 106====================
pem:	[45.0, 0.0, 0.0, 45.0]
pep:	[45.0, 0.0, 0.0, -45.0]
pmm:	[45.0, 37.52158112643568, 23.8317334112126, -7.012804887432598]
pmp:	[45.0, -37.52158112643568, -23.8317334112126, 7.012804887432598]

====================event 107====================
pem:	[45.0, 0.0, 0.0, 45.0]
pep:	[45.0, 0.0, 0.0, -45.0]
pmm:	[45.0, -25.165779515405283, 28.076931549320644, 24.563579872583126]
pmp:	[45.0, 25.165779515405283, -28.076931549320644, -24.563579872583126]

====================event 108====================
pem:	[45.0, 0.0, 0.0, 45.0]
pep:	[45.0, 0.0, 0.0, -45.0]
pmm:	[45.0, -11.892884096021936, -15.487679677027291, -40.54246028672143]
pmp:	[45.0, 11.892884096021936, 15.487679677027291, 40.54246028672143]

====================event 109====================
pem:	[45.0, 0.0, 0.0, 45.0]
pep:	[45.0, 0.0, 0.0, -45.0]
pmm:	[45.0, 0.5896527958047807, -20.53252804133503, 40.03832666099059]
pmp:	[45.0, -0.5896527958047807, 20.53252804133503, -40.03832666099059]

====================event 110====================
pem:	[45.0, 0.0, 0.0, 45.0]
pep:	[45.0, 0.0, 0.0, -45.0]
pmm:	[45.0, 22.51214880797752, 23.671836138256978, -30.949108709153275]
pmp:	[45.0, -22.51214880797752, -23.671836138256978, 30.949108709153275]

====================event 111====================
pem:	[45.0, 0.0, 0.0, 45.0]
pep:	[45.0, 0.0, 0.0, -45.0]
pmm:	[45.0, -6.672681525920496, 42.830782593173126, -12.083020471305053]
pmp:	[45.0, 6.672681525920496, -42.830782593173126, 12.083020471305053]

====================event 112====================
pem:	[45.0, 0.0, 0.0, 45.0]
pep:	[45.0, 0.0, 0.0, -45.0]
pmm:	[45.0, 22.712880144109405, 1.630186140656123, -38.813239605914546]
pmp:	[45.0, -22.712880144109405, -1.630186140656123, 38.813239605914546]

====================event 113====================
pem:	[45.0, 0.0, 0.0, 45.0]
pep:	[45.0, 0.0, 0.0, -45.0]
pmm:	[45.0, -42.377714237857994, 6.463416886486202, 13.687716322525564]
pmp:	[45.0, 42.377714237857994, -6.463416886486202, -13.687716322525564]

====================event 114====================
pem:	[45.0, 0.0, 0.0, 45.0]
pep:	[45.0, 0.0, 0.0, -45.0]
pmm:	[45.0, 26.542385985527368, -17.319936857123107, -31.945602724953382]
pmp:	[45.0, -26.542385985527368, 17.319936857123107, 31.945602724953382]

====================event 115====================
pem:	[45.0, 0.0, 0.0, 45.0]
pep:	[45.0, 0.0, 0.0, -45.0]
pmm:	[45.0, 25.188710253221767, -32.07420848838132, 19.020358188611706]
pmp:	[45.0, -25.188710253221767, 32.07420848838132, -19.020358188611706]

====================event 116====================
pem:	[45.0, 0.0, 0.0, 45.0]
pep:	[45.0, 0.0, 0.0, -45.0]
pmm:	[45.0, -7.813577116572426, -30.388065900929806, 32.2569909235831]
pmp:	[45.0, 7.813577116572426, 30.388065900929806, -32.2569909235831]

====================event 117====================
pem:	[45.0, 0.0, 0.0, 45.0]
pep:	[45.0, 0.0, 0.0, -45.0]
pmm:	[45.0, 17.74118500860676, -0.4972485812947864, 41.35218371910711]
pmp:	[45.0, -17.74118500860676, 0.4972485812947864, -41.35218371910711]

====================event 118====================
pem:	[45.0, 0.0, 0.0, 45.0]
pep:	[45.0, 0.0, 0.0, -45.0]
pmm:	[45.0, 11.734616991501968, 24.252812942880233, -36.04302745914131]
pmp:	[45.0, -11.734616991501968, -24.252812942880233, 36.04302745914131]

====================event 119====================
pem:	[45.0, 0.0, 0.0, 45.0]
pep:	[45.0, 0.0, 0.0, -45.0]
pmm:	[45.0, 16.403089852376414, 38.88694957313861, -15.612296313836756]
pmp:	[45.0, -16.403089852376414, -38.88694957313861, 15.612296313836756]

====================event 120====================
pem:	[45.0, 0.0, 0.0, 45.0]
pep:	[45.0, 0.0, 0.0, -45.0]
pmm:	[45.0, -10.426078901786042, -20.578164756146602, -38.63723610718833]
pmp:	[45.0, 10.426078901786042, 20.578164756146602, 38.63723610718833]

====================event 121====================
pem:	[45.0, 0.0, 0.0, 45.0]
pep:	[45.0, 0.0, 0.0, -45.0]
pmm:	[45.0, 12.224939373774953, 5.962926389952698, 42.8951555093991]
pmp:	[45.0, -12.224939373774953, -5.962926389952698, -42.8951555093991]

====================event 122====================
pem:	[45.0, 0.0, 0.0, 45.0]
pep:	[45.0, 0.0, 0.0, -45.0]
pmm:	[45.0, -34.06467242443235, 11.766129875251584, 26.947287068920872]
pmp:	[45.0, 34.06467242443235, -11.766129875251584, -26.947287068920872]

====================event 123====================
pem:	[45.0, 0.0, 0.0, 45.0]
pep:	[45.0, 0.0, 0.0, -45.0]
pmm:	[45.0, 24.857271536087573, -31.406670772328578, 20.511876627451038]
pmp:	[45.0, -24.857271536087573, 31.406670772328578, -20.511876627451038]

====================event 124====================
pem:	[45.0, 0.0, 0.0, 45.0]
pep:	[45.0, 0.0, 0.0, -45.0]
pmm:	[45.0, 42.30207781634662, -1.949154548649792, -15.222844969493487]
pmp:	[45.0, -42.30207781634662, 1.949154548649792, 15.222844969493487]

====================event 125====================
pem:	[45.0, 0.0, 0.0, 45.0]
pep:	[45.0, 0.0, 0.0, -45.0]
pmm:	[45.0, 30.135217592452914, 0.6825355609072531, -33.41261447213632]
pmp:	[45.0, -30.135217592452914, -0.6825355609072531, 33.41261447213632]

====================event 0====================
pem:	[45.0, 0.0, 0.0, 45.0]
pep:	[45.0, 0.0, 0.0, -45.0]
pmm:	[45.0, 24.06756946712624, -23.83533391993031, -29.624803068889296]
pmp:	[45.0, -24.06756946712624, 23.83533391993031, 29.624803068889296]

====================event 1====================
pem:	[45.0, 0.0, 0.0, 45.0]
pep:	[45.0, 0.0, 0.0, -45.0]
pmm:	[45.0, -35.50954692125616, 24.259593012460034, -13.249310333632767]
pmp:	[45.0, 35.50954692125616, -24.259593012460034, 13.249310333632767]

====================event 2====================
pem:	[45.0, 0.0, 0.0, 45.0]
pep:	[45.0, 0.0, 0.0, -45.0]
pmm:	[45.0, -7.571486943199586, -26.37176838244198, -35.66794664473681]
pmp:	[45.0, 7.571486943199586, 26.37176838244198, 35.66794664473681]

====================event 3====================
pem:	[45.0, 0.0, 0.0, 45.0]
pep:	[45.0, 0.0, 0.0, -45.0]
pmm:	[45.0, 22.781473274900016, -4.788694965132955, -38.51068521794862]
pmp:	[45.0, -22.781473274900016, 4.788694965132955, 38.51068521794862]

====================event 4====================
pem:	[45.0, 0.0, 0.0, 45.0]
pep:	[45.0, 0.0, 0.0, -45.0]
pmm:	[45.0, 20.26829994263299, -38.790574295958116, 10.463620942351517]
pmp:	[45.0, -20.26829994263299, 38.790574295958116, -10.463620942351517]

====================event 5====================
pem:	[45.0, 0.0, 0.0, 45.0]
pep:	[45.0, 0.0, 0.0, -45.0]
pmm:	[45.0, 17.601362404219177, -15.391569904116079, -38.44855806661737]
pmp:	[45.0, -17.601362404219177, 15.391569904116079, 38.44855806661737]

====================event 6====================
pem:	[45.0, 0.0, 0.0, 45.0]
pep:	[45.0, 0.0, 0.0, -45.0]
pmm:	[45.0, -41.1276195258347, 14.958425611384873, -10.476851405209759]
pmp:	[45.0, 41.1276195258347, -14.958425611384873, 10.476851405209759]

====================event 7====================
pem:	[45.0, 0.0, 0.0, 45.0]
pep:	[45.0, 0.0, 0.0, -45.0]
pmm:	[45.0, 32.61054138806864, 21.8556537472317, 21.997340513302486]
pmp:	[45.0, -32.61054138806864, -21.8556537472317, -21.997340513302486]

====================event 8====================
pem:	[45.0, 0.0, 0.0, 45.0]
pep:	[45.0, 0.0, 0.0, -45.0]
pmm:	[45.0, 22.889435395521126, 38.13525614114914, 6.839297209743985]
pmp:	[45.0, -22.889435395521126, -38.13525614114914, -6.839297209743985]

====================event 9====================
pem:	[45.0, 0.0, 0.0, 45.0]
pep:	[45.0, 0.0, 0.0, -45.0]
pmm:	[45.0, -1.300570392494325, -24.914838987154283, 37.45075853568715]
pmp:	[45.0, 1.300570392494325, 24.914838987154283, -37.45075853568715]

====================event 10====================
pem:	[45.0, 0.0, 0.0, 45.0]
pep:	[45.0, 0.0, 0.0, -45.0]
pmm:	[45.0, -2.4567482014241913, 44.87341152989505, -2.311130879781934]
pmp:	[45.0, 2.4567482014241913, -44.87341152989505, 2.311130879781934]

====================event 11====================
pem:	[45.0, 0.0, 0.0, 45.0]
pep:	[45.0, 0.0, 0.0, -45.0]
pmm:	[45.0, 40.6396069333967, 0.8090380703685444, -19.30719569745201]
pmp:	[45.0, -40.6396069333967, -0.8090380703685444, 19.30719569745201]

====================event 12====================
pem:	[45.0, 0.0, 0.0, 45.0]
pep:	[45.0, 0.0, 0.0, -45.0]
pmm:	[45.0, -44.17502149156417, -8.54272472447933, 0.767678644755041]
pmp:	[45.0, 44.17502149156417, 8.54272472447933, -0.767678644755041]

====================event 13====================
pem:	[45.0, 0.0, 0.0, 45.0]
pep:	[45.0, 0.0, 0.0, -45.0]
pmm:	[45.0, -23.24985886333675, -13.794335937302915, -35.97444035539337]
pmp:	[45.0, 23.24985886333675, 13.794335937302915, 35.97444035539337]

====================event 14====================
pem:	[45.0, 0.0, 0.0, 45.0]
pep:	[45.0, 0.0, 0.0, -45.0]
pmm:	[45.0, 36.642761833856326, -15.877466176607756, 20.74160246938405]
pmp:	[45.0, -36.642761833856326, 15.877466176607756, -20.74160246938405]

====================event 15====================
pem:	[45.0, 0.0, 0.0, 45.0]
pep:	[45.0, 0.0, 0.0, -45.0]
pmm:	[45.0, -36.17296975589723, 1.5157511222611004, 26.724871516516387]
pmp:	[45.0, 36.17296975589723, -1.5157511222611004, -26.724871516516387]

====================event 16====================
pem:	[45.0, 0.0, 0.0, 45.0]
pep:	[45.0, 0.0, 0.0, -45.0]
pmm:	[45.0, -8.457721402468128, -10.433244218242143, 42.948973954691276]
pmp:	[45.0, 8.457721402468128, 10.433244218242143, -42.948973954691276]

====================event 17====================
pem:	[45.0, 0.0, 0.0, 45.0]
pep:	[45.0, 0.0, 0.0, -45.0]
pmm:	[45.0, -30.811994750039414, 27.94404264532445, -17.168327238255685]
pmp:	[45.0, 30.811994750039414, -27.94404264532445, 17.168327238255685]

====================event 18====================
pem:	[45.0, 0.0, 0.0, 45.0]
pep:	[45.0, 0.0, 0.0, -45.0]
pmm:	[45.0, -42.93775542505952, 10.462927495779194, -8.4779895774788]
pmp:	[45.0, 42.93775542505952, -10.462927495779194, 8.4779895774788]

====================event 19====================
pem:	[45.0, 0.0, 0.0, 45.0]
pep:	[45.0, 0.0, 0.0, -45.0]
pmm:	[45.0, -19.424198859823058, 22.958343022039596, 33.47558788634509]
pmp:	[45.0, 19.424198859823058, -22.958343022039596, -33.47558788634509]

====================event 20====================
pem:	[45.0, 0.0, 0.0, 45.0]
pep:	[45.0, 0.0, 0.0, -45.0]
pmm:	[45.0, -41.99129761130328, -12.369128687858144, -10.427635418548181]
pmp:	[45.0, 41.99129761130328, 12.369128687858144, 10.427635418548181]

====================event 21====================
pem:	[45.0, 0.0, 0.0, 45.0]
pep:	[45.0, 0.0, 0.0, -45.0]
pmm:	[45.0, -8.841260285709488, -43.992812242465966, -3.385939686331171]
pmp:	[45.0, 8.841260285709488, 43.992812242465966, 3.385939686331171]

====================event 22====================
pem:	[45.0, 0.0, 0.0, 45.0]
pep:	[45.0, 0.0, 0.0, -45.0]
pmm:	[45.0, 12.842641833605803, 23.81889273040929, 35.95451153653702]
pmp:	[45.0, -12.842641833605803, -23.81889273040929, -35.95451153653702]

====================event 23====================
pem:	[45.0, 0.0, 0.0, 45.0]
pep:	[45.0, 0.0, 0.0, -45.0]
pmm:	[45.0, -32.09146983429347, 27.693002306578506, -15.107454687089747]
pmp:	[45.0, 32.09146983429347, -27.693002306578506, 15.107454687089747]

====================event 24====================
pem:	[45.0, 0.0, 0.0, 45.0]
pep:	[45.0, 0.0, 0.0, -45.0]
pmm:	[45.0, 40.44988721097118, 16.22251538216468, 11.208774210195369]
pmp:	[45.0, -40.44988721097118, -16.22251538216468, -11.208774210195369]

====================event 25====================
pem:	[45.0, 0.0, 0.0, 45.0]
pep:	[45.0, 0.0, 0.0, -45.0]
pmm:	[45.0, -31.28701864865072, 10.697735938668641, -30.52344852511753]
pmp:	[45.0, 31.28701864865072, -10.697735938668641, 30.52344852511753]

====================event 26====================
pem:	[45.0, 0.0, 0.0, 45.0]
pep:	[45.0, 0.0, 0.0, -45.0]
pmm:	[45.0, -6.071903788127474, 26.46480476723367, 35.88517929479981]
pmp:	[45.0, 6.071903788127474, -26.46480476723367, -35.88517929479981]

====================event 27====================
pem:	[45.0, 0.0, 0.0, 45.0]
pep:	[45.0, 0.0, 0.0, -45.0]
pmm:	[45.0, -18.375940486733153, 24.55356708024232, -32.93094524704813]
pmp:	[45.0, 18.375940486733153, -24.55356708024232, 32.93094524704813]

====================event 28====================
pem:	[45.0, 0.0, 0.0, 45.0]
pep:	[45.0, 0.0, 0.0, -45.0]
pmm:	[45.0, 1.1100677737797287, -17.68745120864976, -41.363290721112236]
pmp:	[45.0, -1.1100677737797287, 17.68745120864976, 41.363290721112236]

====================event 29====================
pem:	[45.0, 0.0, 0.0, 45.0]
pep:	[45.0, 0.0, 0.0, -45.0]
pmm:	[45.0, -39.46440992760226, -21.572162548585187, 1.4839649738409466]
pmp:	[45.0, 39.46440992760226, 21.572162548585187, -1.4839649738409466]

====================event 30====================
pem:	[45.0, 0.0, 0.0, 45.0]
pep:	[45.0, 0.0, 0.0, -45.0]
pmm:	[45.0, 12.304530219792046, -43.23563800385482, 2.0683671022933225]
pmp:	[45.0, -12.304530219792046, 43.23563800385482, -2.0683671022933225]

====================event 31====================
pem:	[45.0, 0.0, 0.0, 45.0]
pep:	[45.0, 0.0, 0.0, -45.0]
pmm:	[45.0, 14.02050980877228, 39.35134787430511, 16.730114320516254]
pmp:	[45.0, -14.02050980877228, -39.35134787430511, -16.730114320516254]

====================event 32====================
pem:	[45.0, 0.0, 0.0, 45.0]
pep:	[45.0, 0.0, 0.0, -45.0]
pmm:	[45.0, 24.678424239672882, -36.17652039542996, 10.35542124327958]
pmp:	[45.0, -24.678424239672882, 36.17652039542996, -10.35542124327958]

====================event 33====================
pem:	[45.0, 0.0, 0.0, 45.0]
pep:	[45.0, 0.0, 0.0, -45.0]
pmm:	[45.0, -36.310360151586366, 20.557576209395418, 16.85063221534993]
pmp:	[45.0, 36.310360151586366, -20.557576209395418, -16.85063221534993]

====================event 34====================
pem:	[45.0, 0.0, 0.0, 45.0]
pep:	[45.0, 0.0, 0.0, -45.0]
pmm:	[45.0, -32.1525932994848, 6.905701032460677, 30.716803827354767]
pmp:	[45.0, 32.1525932994848, -6.905701032460677, -30.716803827354767]

====================event 35====================
pem:	[45.0, 0.0, 0.0, 45.0]
pep:	[45.0, 0.0, 0.0, -45.0]
pmm:	[45.0, 34.980643357188384, -18.611306119939957, -21.330116615412066]
pmp:	[45.0, -34.980643357188384, 18.611306119939957, 21.330116615412066]

====================event 36====================
pem:	[45.0, 0.0, 0.0, 45.0]
pep:	[45.0, 0.0, 0.0, -45.0]
pmm:	[45.0, -35.30013222388919, -9.16788137515422, 26.360019272888263]
pmp:	[45.0, 35.30013222388919, 9.16788137515422, -26.360019272888263]

====================event 37====================
pem:	[45.0, 0.0, 0.0, 45.0]
pep:	[45.0, 0.0, 0.0, -45.0]
pmm:	[45.0, 37.70751509482994, 10.201413989569742, -22.339974440150623]
pmp:	[45.0, -37.70751509482994, -10.201413989569742, 22.339974440150623]

====================event 38====================
pem:	[45.0, 0.0, 0.0, 45.0]
pep:	[45.0, 0.0, 0.0, -45.0]
pmm:	[45.0, 43.462230494827416, 6.672436550962938, 9.566248527393974]
pmp:	[45.0, -43.462230494827416, -6.672436550962938, -9.566248527393974]

====================event 39====================
pem:	[45.0, 0.0, 0.0, 45.0]
pep:	[45.0, 0.0, 0.0, -45.0]
pmm:	[45.0, -39.98740927186042, 18.91668748792536, 8.256272416102746]
pmp:	[45.0, 39.98740927186042, -18.91668748792536, -8.256272416102746]

====================event 40====================
pem:	[45.0, 0.0, 0.0, 45.0]
pep:	[45.0, 0.0, 0.0, -45.0]
pmm:	[45.0, -0.5661065825893719, 4.0781281073495, -44.81125298936858]
pmp:	[45.0, 0.5661065825893719, -4.0781281073495, 44.81125298936858]

====================event 41====================
pem:	[45.0, 0.0, 0.0, 45.0]
pep:	[45.0, 0.0, 0.0, -45.0]
pmm:	[45.0, 30.850860832992993, 23.75800527898085, 22.556186978902648]
pmp:	[45.0, -30.850860832992993, -23.75800527898085, -22.556186978902648]

====================event 42====================
pem:	[45.0, 0.0, 0.0, 45.0]
pep:	[45.0, 0.0, 0.0, -45.0]
pmm:	[45.0, 26.52051024006818, 16.94621806097882, 32.163461101631995]
pmp:	[45.0, -26.52051024006818, -16.94621806097882, -32.163461101631995]

====================event 43====================
pem:	[45.0, 0.0, 0.0, 45.0]
pep:	[45.0, 0.0, 0.0, -45.0]
pmm:	[45.0, 39.125840515676195, 7.994427737629592, -20.742654822603825]
pmp:	[45.0, -39.125840515676195, -7.994427737629592, 20.742654822603825]

====================event 44====================
pem:	[45.0, 0.0, 0.0, 45.0]
pep:	[45.0, 0.0, 0.0, -45.0]
pmm:	[45.0, 34.19588615113722, 4.791864921467891, 28.856184794821147]
pmp:	[45.0, -34.19588615113722, -4.791864921467891, -28.856184794821147]

====================event 45====================
pem:	[45.0, 0.0, 0.0, 45.0]
pep:	[45.0, 0.0, 0.0, -45.0]
pmm:	[45.0, 9.49032344701303, -18.23091651027428, 40.032080186601384]
pmp:	[45.0, -9.49032344701303, 18.23091651027428, -40.032080186601384]

====================event 46====================
pem:	[45.0, 0.0, 0.0, 45.0]
pep:	[45.0, 0.0, 0.0, -45.0]
pmm:	[45.0, 36.153448829374035, -26.19648314163442, 5.627824513246371]
pmp:	[45.0, -36.153448829374035, 26.19648314163442, -5.627824513246371]

====================event 47====================
pem:	[45.0, 0.0, 0.0, 45.0]
pep:	[45.0, 0.0, 0.0, -45.0]
pmm:	[45.0, -3.7300895985355207, 27.114513742083723, 35.71959652791798]
pmp:	[45.0, 3.7300895985355207, -27.114513742083723, -35.71959652791798]

====================event 48====================
pem:	[45.0, 0.0, 0.0, 45.0]
pep:	[45.0, 0.0, 0.0, -45.0]
pmm:	[45.0, -11.896880967005524, 1.4147490664587188, -43.37583092386653]
pmp:	[45.0, 11.896880967005524, -1.4147490664587188, 43.37583092386653]

====================event 49====================
pem:	[45.0, 0.0, 0.0, 45.0]
pep:	[45.0, 0.0, 0.0, -45.0]
pmm:	[45.0, -42.47179805024943, 13.95408973195472, -5.140987272050472]
pmp:	[45.0, 42.47179805024943, -13.95408973195472, 5.140987272050472]

====================event 50====================
pem:	[45.0, 0.0, 0.0, 45.0]
pep:	[45.0, 0.0, 0.0, -45.0]
pmm:	[45.0, -8.744838305506114, 27.478281685706097, -34.54666175785356]
pmp:	[45.0, 8.744838305506114, -27.478281685706097, 34.54666175785356]

====================event 51====================
pem:	[45.0, 0.0, 0.0, 45.0]
pep:	[45.0, 0.0, 0.0, -45.0]
pmm:	[45.0, -17.024370222532227, -40.35892516634331, 10.311545856158437]
pmp:	[45.0, 17.024370222532227, 40.35892516634331, -10.311545856158437]

====================event 52====================
pem:	[45.0, 0.0, 0.0, 45.0]
pep:	[45.0, 0.0, 0.0, -45.0]
pmm:	[45.0, -20.11112300860386, 36.557299431355304, 16.855461714798384]
pmp:	[45.0, 20.11112300860386, -36.557299431355304, -16.855461714798384]

====================event 53====================
pem:	[45.0, 0.0, 0.0, 45.0]
pep:	[45.0, 0.0, 0.0, -45.0]
pmm:	[45.0, -43.32968609131349, -9.65534730219753, 7.369706351150035]
pmp:	[45.0, 43.32968609131349, 9.65534730219753, -7.369706351150035]

====================event 54====================
pem:	[45.0, 0.0, 0.0, 45.0]
pep:	[45.0, 0.0, 0.0, -45.0]
pmm:	[45.0, -14.015681025044572, 8.754597700996953, 41.855916003569966]
pmp:	[45.0, 14.015681025044572, -8.754597700996953, -41.855916003569966]

====================event 55====================
pem:	[45.0, 0.0, 0.0, 45.0]
pep:	[45.0, 0.0, 0.0, -45.0]
pmm:	[45.0, -14.514486608424047, 2.786076654718925, 42.50373460494865]
pmp:	[45.0, 14.514486608424047, -2.786076654718925, -42.50373460494865]

====================event 56====================
pem:	[45.0, 0.0, 0.0, 45.0]
pep:	[45.0, 0.0, 0.0, -45.0]
pmm:	[45.0, 39.277097629531724, -3.18081297135675, -21.72997999634335]
pmp:	[45.0, -39.277097629531724, 3.18081297135675, 21.72997999634335]

====================event 57====================
pem:	[45.0, 0.0, 0.0, 45.0]
pep:	[45.0, 0.0, 0.0, -45.0]
pmm:	[45.0, 36.74261027018695, -16.208142853400503, -20.304597897444676]
pmp:	[45.0, -36.74261027018695, 16.208142853400503, 20.304597897444676]

====================event 58====================
pem:	[45.0, 0.0, 0.0, 45.0]
pep:	[45.0, 0.0, 0.0, -45.0]
pmm:	[45.0, -40.5162398332885, -15.864847787176956, -11.477844504137188]
pmp:	[45.0, 40.5162398332885, 15.864847787176956, 11.477844504137188]

====================event 59====================
pem:	[45.0, 0.0, 0.0, 45.0]
pep:	[45.0, 0.0, 0.0, -45.0]
pmm:	[45.0, -1.8507961911920534, -22.86373063468736, 38.71465323263438]
pmp:	[45.0, 1.8507961911920534, 22.86373063468736, -38.71465323263438]

====================event 60====================
pem:	[45.0, 0.0, 0.0, 45.0]
pep:	[45.0, 0.0, 0.0, -45.0]
pmm:	[45.0, 26.077514241421206, 13.017766048423375, 34.28558032317653]
pmp:	[45.0, -26.077514241421206, -13.017766048423375, -34.28558032317653]

====================event 61====================
pem:	[45.0, 0.0, 0.0, 45.0]
pep:	[45.0, 0.0, 0.0, -45.0]
pmm:	[45.0, 6.3073515773724855, -0.054817978942970136, 44.55574386169084]
pmp:	[45.0, -6.3073515773724855, 0.054817978942970136, -44.55574386169084]

====================event 62====================
pem:	[45.0, 0.0, 0.0, 45.0]
pep:	[45.0, 0.0, 0.0, -45.0]
pmm:	[45.0, 12.240298711826531, -14.64900337591221, -40.750236656217965]
pmp:	[45.0, -12.240298711826531, 14.64900337591221, 40.750236656217965]

====================event 63====================
pem:	[45.0, 0.0, 0.0, 45.0]
pep:	[45.0, 0.0, 0.0, -45.0]
pmm:	[45.0, 17.45637530381937, -21.602441805360897, -35.40634786727094]
pmp:	[45.0, -17.45637530381937, 21.602441805360897, 35.40634786727094]

====================event 64====================
pem:	[45.0, 0.0, 0.0, 45.0]
pep:	[45.0, 0.0, 0.0, -45.0]
pmm:	[45.0, -42.88995205118005, 13.244251296781526, 3.1688831842112055]
pmp:	[45.0, 42.88995205118005, -13.244251296781526, -3.1688831842112055]

====================event 65====================
pem:	[45.0, 0.0, 0.0, 45.0]
pep:	[45.0, 0.0, 0.0, -45.0]
pmm:	[45.0, -10.239907426710175, 39.27023401058228, -19.442042501921243]
pmp:	[45.0, 10.239907426710175, -39.27023401058228, 19.442042501921243]

====================event 66====================
pem:	[45.0, 0.0, 0.0, 45.0]
pep:	[45.0, 0.0, 0.0, -45.0]
pmm:	[45.0, -27.817108145363065, 11.189553499417503, -33.555959037298415]
pmp:	[45.0, 27.817108145363065, -11.189553499417503, 33.555959037298415]

====================event 67====================
pem:	[45.0, 0.0, 0.0, 45.0]
pep:	[45.0, 0.0, 0.0, -45.0]
pmm:	[45.0, 10.399972848238129, -39.30318493578464, 19.289899394745976]
pmp:	[45.0, -10.399972848238129, 39.30318493578464, -19.289899394745976]

====================event 68====================
pem:	[45.0, 0.0, 0.0, 45.0]
pep:	[45.0, 0.0, 0.0, -45.0]
pmm:	[45.0, -21.690038769704298, 39.42760121859756, -0.0805004097460249]
pmp:	[45.0, 21.690038769704298, -39.42760121859756, 0.0805004097460249]

====================event 69====================
pem:	[45.0, 0.0, 0.0, 45.0]
pep:	[45.0, 0.0, 0.0, -45.0]
pmm:	[45.0, -14.610781090871892, 10.109889529282887, -41.34386544120321]
pmp:	[45.0, 14.610781090871892, -10.109889529282887, 41.34386544120321]

====================event 70====================
pem:	[45.0, 0.0, 0.0, 45.0]
pep:	[45.0, 0.0, 0.0, -45.0]
pmm:	[45.0, 37.34300216618517, -25.109697468390088, -0.057291030834115686]
pmp:	[45.0, -37.34300216618517, 25.109697468390088, 0.057291030834115686]

====================event 71====================
pem:	[45.0, 0.0, 0.0, 45.0]
pep:	[45.0, 0.0, 0.0, -45.0]
pmm:	[45.0, -21.425163765637155, 9.740316637251123, -38.35477270720969]
pmp:	[45.0, 21.425163765637155, -9.740316637251123, 38.35477270720969]

====================event 72====================
pem:	[45.0, 0.0, 0.0, 45.0]
pep:	[45.0, 0.0, 0.0, -45.0]
pmm:	[45.0, -28.27901962393649, 33.440702490116735, -10.34487632002022]
pmp:	[45.0, 28.27901962393649, -33.440702490116735, 10.34487632002022]

====================event 73====================
pem:	[45.0, 0.0, 0.0, 45.0]
pep:	[45.0, 0.0, 0.0, -45.0]
pmm:	[45.0, 14.414981356122071, -12.889221846165958, 40.63343786468198]
pmp:	[45.0, -14.414981356122071, 12.889221846165958, -40.63343786468198]

====================event 74====================
pem:	[45.0, 0.0, 0.0, 45.0]
pep:	[45.0, 0.0, 0.0, -45.0]
pmm:	[45.0, -38.12866851509874, 0.20985050008685782, -23.89896650554856]
pmp:	[45.0, 38.12866851509874, -0.20985050008685782, 23.89896650554856]

====================event 75====================
pem:	[45.0, 0.0, 0.0, 45.0]
pep:	[45.0, 0.0, 0.0, -45.0]
pmm:	[45.0, -35.52393858089004, -17.1278489615055, -21.6722536357668]
pmp:	[45.0, 35.52393858089004, 17.1278489615055, 21.6722536357668]

====================event 76====================
pem:	[45.0, 0.0, 0.0, 45.0]
pep:	[45.0, 0.0, 0.0, -45.0]
pmm:	[45.0, -19.208233265514316, -2.1426709123502055, 40.63807003511557]
pmp:	[45.0, 19.208233265514316, 2.1426709123502055, -40.63807003511557]

====================event 77====================
pem:	[45.0, 0.0, 0.0, 45.0]
pep:	[45.0, 0.0, 0.0, -45.0]
pmm:	[45.0, -0.4359687580236117, -43.61527262948973, 11.06878153625375]
pmp:	[45.0, 0.4359687580236117, 43.61527262948973, -11.06878153625375]

====================event 78====================
pem:	[45.0, 0.0, 0.0, 45.0]
pep:	[45.0, 0.0, 0.0, -45.0]
pmm:	[45.0, -4.207101699215943, 28.11107310758319, -34.88649973890426]
pmp:	[45.0, 4.207101699215943, -28.11107310758319, 34.88649973890426]

====================event 79====================
pem:	[45.0, 0.0, 0.0, 45.0]
pep:	[45.0, 0.0, 0.0, -45.0]
pmm:	[45.0, 26.78209171335781, 7.948148046504282, 35.278130705695574]
pmp:	[45.0, -26.78209171335781, -7.948148046504282, -35.278130705695574]

====================event 80====================
pem:	[45.0, 0.0, 0.0, 45.0]
pep:	[45.0, 0.0, 0.0, -45.0]
pmm:	[45.0, 21.71284074418633, 3.312101632772625, -39.27572443115196]
pmp:	[45.0, -21.71284074418633, -3.312101632772625, 39.27572443115196]

====================event 81====================
pem:	[45.0, 0.0, 0.0, 45.0]
pep:	[45.0, 0.0, 0.0, -45.0]
pmm:	[45.0, 22.170564621313677, -23.101234174911717, 31.619599048186004]
pmp:	[45.0, -22.170564621313677, 23.101234174911717, -31.619599048186004]

====================event 82====================
pem:	[45.0, 0.0, 0.0, 45.0]
pep:	[45.0, 0.0, 0.0, -45.0]
pmm:	[45.0, 11.701317942677099, -27.73498699018276, 33.44921008123773]
pmp:	[45.0, -11.701317942677099, 27.73498699018276, -33.44921008123773]

====================event 83====================
pem:	[45.0, 0.0, 0.0, 45.0]
pep:	[45.0, 0.0, 0.0, -45.0]
pmm:	[45.0, -30.57838161950773, 10.004745820298323, -31.462162014123805]
pmp:	[45.0, 30.57838161950773, -10.004745820298323, 31.462162014123805]

====================event 84====================
pem:	[45.0, 0.0, 0.0, 45.0]
pep:	[45.0, 0.0, 0.0, -45.0]
pmm:	[45.0, 7.645597867939523, 11.340358675154164, 42.87121526573062]
pmp:	[45.0, -7.645597867939523, -11.340358675154164, -42.87121526573062]

====================event 85====================
pem:	[45.0, 0.0, 0.0, 45.0]
pep:	[45.0, 0.0, 0.0, -45.0]
pmm:	[45.0, -10.659365513054576, -41.567164992718055, 13.548015401794366]
pmp:	[45.0, 10.659365513054576, 41.567164992718055, -13.548015401794366]

====================event 86====================
pem:	[45.0, 0.0, 0.0, 45.0]
pep:	[45.0, 0.0, 0.0, -45.0]
pmm:	[45.0, -17.206175212553052, 38.84025615356244, -14.845269835222936]
pmp:	[45.0, 17.206175212553052, -38.84025615356244, 14.845269835222936]

====================event 87====================
pem:	[45.0, 0.0, 0.0, 45.0]
pep:	[45.0, 0.0, 0.0, -45.0]
pmm:	[45.0, -5.570610631642394, -30.151924125012734, -32.936754071251585]
pmp:	[45.0, 5.570610631642394, 30.151924125012734, 32.936754071251585]

====================event 88====================
pem:	[45.0, 0.0, 0.0, 45.0]
pep:	[45.0, 0.0, 0.0, -45.0]
pmm:	[45.0, -20.217066028375125, -34.73926898865645, 20.23495567917293]
pmp:	[45.0, 20.217066028375125, 34.73926898865645, -20.23495567917293]

====================event 89====================
pem:	[45.0, 0.0, 0.0, 45.0]
pep:	[45.0, 0.0, 0.0, -45.0]
pmm:	[45.0, 36.40070660974794, 22.38061416197612, 14.110161871637256]
pmp:	[45.0, -36.40070660974794, -22.38061416197612, -14.110161871637256]

====================event 90====================
pem:	[45.0, 0.0, 0.0, 45.0]
pep:	[45.0, 0.0, 0.0, -45.0]
pmm:	[45.0, -17.486988990274355, -14.931197755576994, -38.6815789444779]
pmp:	[45.0, 17.486988990274355, 14.931197755576994, 38.6815789444779]

====================event 91====================
pem:	[45.0, 0.0, 0.0, 45.0]
pep:	[45.0, 0.0, 0.0, -45.0]
pmm:	[45.0, 11.594264579513707, 39.87137924226985, 17.344917012754106]
pmp:	[45.0, -11.594264579513707, -39.87137924226985, -17.344917012754106]

====================event 92====================
pem:	[45.0, 0.0, 0.0, 45.0]
pep:	[45.0, 0.0, 0.0, -45.0]
pmm:	[45.0, -21.877504968535128, 10.323630791569894, 37.944662650115504]
pmp:	[45.0, 21.877504968535128, -10.323630791569894, -37.944662650115504]

====================event 93====================
pem:	[45.0, 0.0, 0.0, 45.0]
pep:	[45.0, 0.0, 0.0, -45.0]
pmm:	[45.0, 10.547292378430049, 16.948792251774762, 40.329803677802495]
pmp:	[45.0, -10.547292378430049, -16.948792251774762, -40.329803677802495]

====================event 94====================
pem:	[45.0, 0.0, 0.0, 45.0]
pep:	[45.0, 0.0, 0.0, -45.0]
pmm:	[45.0, 43.117853961715575, -6.463368479246437, -11.138919949333136]
pmp:	[45.0, -43.117853961715575, 6.463368479246437, 11.138919949333136]

====================event 95====================
pem:	[45.0, 0.0, 0.0, 45.0]
pep:	[45.0, 0.0, 0.0, -45.0]
pmm:	[45.0, -11.68352807208489, 35.75727454629907, -24.696406394643667]
pmp:	[45.0, 11.68352807208489, -35.75727454629907, 24.696406394643667]

====================event 96====================
pem:	[45.0, 0.0, 0.0, 45.0]
pep:	[45.0, 0.0, 0.0, -45.0]
pmm:	[45.0, -8.250194833328509, -39.84963134902607, 19.207841277947885]
pmp:	[45.0, 8.250194833328509, 39.84963134902607, -19.207841277947885]

====================event 97====================
pem:	[45.0, 0.0, 0.0, 45.0]
pep:	[45.0, 0.0, 0.0, -45.0]
pmm:	[45.0, -26.994982839755814, -14.10074187703796, 33.127631669022726]
pmp:	[45.0, 26.994982839755814, 14.10074187703796, -33.127631669022726]

====================event 98====================
pem:	[45.0, 0.0, 0.0, 45.0]
pep:	[45.0, 0.0, 0.0, -45.0]
pmm:	[45.0, 41.6191462486899, 2.8862093403621163, 16.867615752493542]
pmp:	[45.0, -41.6191462486899, -2.8862093403621163, -16.867615752493542]

====================event 99====================
pem:	[45.0, 0.0, 0.0, 45.0]
pep:	[45.0, 0.0, 0.0, -45.0]
pmm:	[45.0, 18.749971799319788, 21.152751370848794, -35.01427804436023]
pmp:	[45.0, -18.749971799319788, -21.152751370848794, 35.01427804436023]

====================event 100====================
pem:	[45.0, 0.0, 0.0, 45.0]
pep:	[45.0, 0.0, 0.0, -45.0]
pmm:	[45.0, 18.912406012391827, 17.776752065129276, 36.760141251597055]
pmp:	[45.0, -18.912406012391827, -17.776752065129276, -36.760141251597055]

====================event 101====================
pem:	[45.0, 0.0, 0.0, 45.0]
pep:	[45.0, 0.0, 0.0, -45.0]
pmm:	[45.0, 24.99477605470997, 15.499089793233114, 34.05935092681882]
pmp:	[45.0, -24.99477605470997, -15.499089793233114, -34.05935092681882]

====================event 102====================
pem:	[45.0, 0.0, 0.0, 45.0]
pep:	[45.0, 0.0, 0.0, -45.0]
pmm:	[45.0, -39.74240715741941, -13.788953408028638, 15.981421627787501]
pmp:	[45.0, 39.74240715741941, 13.788953408028638, -15.981421627787501]

====================event 103====================
pem:	[45.0, 0.0, 0.0, 45.0]
pep:	[45.0, 0.0, 0.0, -45.0]
pmm:	[45.0, 1.9820536440436398, -0.8312659058001471, 44.94864247500683]
pmp:	[45.0, -1.9820536440436398, 0.8312659058001471, -44.94864247500683]

====================event 104====================
pem:	[45.0, 0.0, 0.0, 45.0]
pep:	[45.0, 0.0, 0.0, -45.0]
pmm:	[45.0, -7.914855100218513, -44.27715195366822, -1.3743666229647256]
pmp:	[45.0, 7.914855100218513, 44.27715195366822, 1.3743666229647256]

====================event 105====================
pem:	[45.0, 0.0, 0.0, 45.0]
pep:	[45.0, 0.0, 0.0, -45.0]
pmm:	[45.0, 21.98314428652614, -33.51790078130278, 20.452180678170137]
pmp:	[45.0, -21.98314428652614, 33.51790078130278, -20.452180678170137]

====================event 106====================
pem:	[45.0, 0.0, 0.0, 45.0]
pep:	[45.0, 0.0, 0.0, -45.0]
pmm:	[45.0, -9.611080201455824, -11.748074384971238, 42.36283613742553]
pmp:	[45.0, 9.611080201455824, 11.748074384971238, -42.36283613742553]

====================event 107====================
pem:	[45.0, 0.0, 0.0, 45.0]
pep:	[45.0, 0.0, 0.0, -45.0]
pmm:	[45.0, 0.49105204557469373, 22.26738563593206, -39.10143737548817]
pmp:	[45.0, -0.49105204557469373, -22.26738563593206, 39.10143737548817]

====================event 108====================
pem:	[45.0, 0.0, 0.0, 45.0]
pep:	[45.0, 0.0, 0.0, -45.0]
pmm:	[45.0, 36.2045648539866, 11.13250384223725, -24.296025229161476]
pmp:	[45.0, -36.2045648539866, -11.13250384223725, 24.296025229161476]

====================event 109====================
pem:	[45.0, 0.0, 0.0, 45.0]
pep:	[45.0, 0.0, 0.0, -45.0]
pmm:	[45.0, -42.91764531681111, 7.184148833023403, 11.465763210766665]
pmp:	[45.0, 42.91764531681111, -7.184148833023403, -11.465763210766665]

====================event 110====================
pem:	[45.0, 0.0, 0.0, 45.0]
pep:	[45.0, 0.0, 0.0, -45.0]
pmm:	[45.0, 40.202379799924216, 5.463458050602833, -19.46584918650991]
pmp:	[45.0, -40.202379799924216, -5.463458050602833, 19.46584918650991]

====================event 111====================
pem:	[45.0, 0.0, 0.0, 45.0]
pep:	[45.0, 0.0, 0.0, -45.0]
pmm:	[45.0, -0.2654262228384689, 38.79673565231178, 22.797869454071137]
pmp:	[45.0, 0.2654262228384689, -38.79673565231178, -22.797869454071137]

====================event 112====================
pem:	[45.0, 0.0, 0.0, 45.0]
pep:	[45.0, 0.0, 0.0, -45.0]
pmm:	[45.0, -14.497254562234344, -31.916040253993515, 28.216944991675497]
pmp:	[45.0, 14.497254562234344, 31.916040253993515, -28.216944991675497]

====================event 113====================
pem:	[45.0, 0.0, 0.0, 45.0]
pep:	[45.0, 0.0, 0.0, -45.0]
pmm:	[45.0, -30.673993009462816, 0.4609371592363839, -32.922540755395254]
pmp:	[45.0, 30.673993009462816, -0.4609371592363839, 32.922540755395254]

====================event 114====================
pem:	[45.0, 0.0, 0.0, 45.0]
pep:	[45.0, 0.0, 0.0, -45.0]
pmm:	[45.0, 35.90670403659284, -9.04778375435215, 25.57041678117525]
pmp:	[45.0, -35.90670403659284, 9.04778375435215, -25.57041678117525]

====================event 115====================
pem:	[45.0, 0.0, 0.0, 45.0]
pep:	[45.0, 0.0, 0.0, -45.0]
pmm:	[45.0, -9.431550861296213, -23.72789524407684, -37.05445770264218]
pmp:	[45.0, 9.431550861296213, 23.72789524407684, 37.05445770264218]

====================event 116====================
pem:	[45.0, 0.0, 0.0, 45.0]
pep:	[45.0, 0.0, 0.0, -45.0]
pmm:	[45.0, -0.35692547998438434, -42.285011336011436, 15.389945435742202]
pmp:	[45.0, 0.35692547998438434, 42.285011336011436, -15.389945435742202]

====================event 117====================
pem:	[45.0, 0.0, 0.0, 45.0]
pep:	[45.0, 0.0, 0.0, -45.0]
pmm:	[45.0, 13.587495300321823, 36.739327225986784, 22.149532871950115]
pmp:	[45.0, -13.587495300321823, -36.739327225986784, -22.149532871950115]

